Chromosome	Position	Mutant	Refrence	mostLikely	averageFrequency	totalCN	mutationCN
1	1192768	C	A	3	0.709714924326737	2	1
1	1479070	G	C	4	0.299358170791571	2	1
1	1479095	G	C	3	0.709714924326737	2	1
1	8423910	C	G	4	0.299358170791571	2	1
1	8424179	C	G	0	0	2	1
1	8426040	C	G	3	0.709714924326737	2	1
1	12395809	C	G	0	0	2	1
1	12888733	T	C	4	0.299358170791571	2	1
1	12888735	T	G	2	0.156367428594894	2	1
1	16892356	T	C	2	0.156367428594894	2	1
1	16896108	A	G	2	0.156367428594894	2	1
1	16949087	G	A	1	0.482945097960186	2	1
1	16956211	C	T	3	0.709714924326737	2	1
1	16960188	G	C	3	0.709714924326737	2	1
1	17009838	C	G	2	0.156367428594894	2	1
1	17046746	G	C	3	0.709714924326737	2	1
1	17751794	T	A	3	0.709714924326737	2	1
1	17751795	T	A	4	0.299358170791571	2	1
1	20518176	G	C	3	0.709714924326737	2	1
1	20809339	T	C	1	0.482945097960186	2	1
1	21050483	A	G	2	0.156367428594894	2	1
1	21188958	C	G	5	1	2	1
1	22204878	C	G	0	0	2	1
1	26104743	A	G	0	0	2	1
1	28950352	C	G	3	0.709714924326737	2	1
1	31406208	G	C	3	0.709714924326737	2	1
1	33252600	C	T	1	0.482945097960186	2	1
1	33625338	T	C	5	1	2	1
1	33840753	G	C	4	0.299358170791571	2	1
1	37356246	G	A	0	0	2	1
1	41502963	T	C	0	0	2	1
1	42507845	T	A	3	0.709714924326737	2	1
1	45088774	G	C	0	0	2	1
1	46725593	G	C	1	0.482945097960186	2	1
1	47883348	G	C	5	1	2	1
1	49317279	A	C	0	0	2	1
1	62004845	C	G	3	0.709714924326737	2	1
1	62237452	G	C	0	0	2	1
1	64117370	T	C	0	0	2	1
1	66834202	A	G	0	0	2	1
1	70501703	T	G	3	0.709714924326737	2	1
1	75804928	C	A	4	0.299358170791571	2	1
1	78324710	A	G	3	0.709714924326737	2	1
1	78430796	A	C	1	0.482945097960186	2	1
1	84850664	A	G	4	0.299358170791571	2	1
1	86343075	T	C	0	0	2	1
1	92540146	G	C	0	0	2	1
1	94467603	G	C	3	0.709714924326737	2	1
1	99764417	C	G	0	0	2	1
1	100349744	A	G	0	0	2	1
1	100613792	G	C	3	0.709714924326737	2	1
1	103468338	T	C	1	0.482945097960186	2	1
1	108291679	C	G	5	1	2	1
1	110024104	A	T	1	0.482945097960186	2	1
1	110734480	T	A	3	0.709714924326737	2	1
1	111493758	C	G	4	0.299358170791571	2	1
1	115216974	A	G	0	0	2	1
1	115269133	G	C	0	0	2	1
1	115399788	A	G	1	0.482945097960186	2	1
1	118424595	T	A	2	0.156367428594894	2	1
1	119487229	T	G	0	0	2	1
1	120183359	T	C	3	0.709714924326737	2	1
1	120461853	C	G	0	0	2	1
1	142666961	A	G	2	0.156367428594894	2	1
1	142697416	T	C	4	0.299358170791571	2	1
1	142799307	G	A	4	0.299358170791571	2	1
1	142799560	T	A	3	0.709714924326737	2	1
1	142804093	C	G	4	0.299358170791571	2	1
1	143187670	T	C	1	0.482945097960186	2	1
1	143193885	T	C	2	0.156367428594894	2	1
1	143223829	A	C	5	1	2	1
1	143355549	T	G	2	0.156367428594894	2	1
1	143397722	C	T	2	0.156367428594894	2	1
1	143915221	G	A	3	0.709714924326737	2	1
1	144618710	G	A	4	0.299358170791571	2	1
1	144618778	C	T	2	0.156367428594894	2	1
1	144826490	C	G	2	0.156367428594894	2	1
1	145039675	A	G	4	0.299358170791571	2	1
1	145302034	G	C	2	0.156367428594894	2	1
1	145310921	T	C	2	0.156367428594894	2	1
1	145342992	C	G	3	0.709714924326737	2	1
1	145359498	G	A	1	0.482945097960186	2	1
1	146013467	T	C	2	0.156367428594894	2	1
1	146397580	A	G	2	0.156367428594894	2	1
1	147086136	G	C	3	0.709714924326737	2	1
1	147313195	C	G	3	0.709714924326737	2	1
1	148344332	T	G	3	0.709714924326737	2	1
1	148853899	A	C	2	0.156367428594894	2	1
1	148856086	A	G	2	0.156367428594894	2	1
1	149101582	G	T	4	0.299358170791571	2	1
1	149254375	G	A	1	0.482945097960186	2	1
1	149262371	A	C	1	0.482945097960186	2	1
1	150267044	T	C	3	0.709714924326737	2	1
1	150932972	A	G	1	0.482945097960186	2	1
1	151503135	T	G	4	0.299358170791571	2	1
1	152325698	C	G	3	0.709714924326737	2	1
1	152328974	G	C	1	0.482945097960186	2	1
1	153390389	C	G	3	0.709714924326737	2	1
1	153662619	T	A	4	0.299358170791571	2	1
1	154296809	T	C	5	1	2	1
1	154614915	A	G	1	0.482945097960186	2	1
1	155106969	T	A	2	0.156367428594894	2	1
1	155294382	C	G	2	0.156367428594894	2	1
1	155306163	C	T	2	0.156367428594894	2	1
1	155874261	G	C	3	0.709714924326737	2	1
1	155885461	A	C	3	0.709714924326737	2	1
1	156316911	G	A	3	0.709714924326737	2	1
1	157557581	T	A	4	0.299358170791571	2	1
1	158262731	G	T	3	0.709714924326737	2	1
1	158632622	T	C	3	0.709714924326737	2	1
1	159283372	A	C	5	1	2	1
1	160293351	G	C	3	0.709714924326737	2	1
1	160461040	A	G	3	0.709714924326737	2	1
1	160818218	A	C	3	0.709714924326737	2	1
1	160818219	G	A	3	0.709714924326737	2	1
1	161205350	T	G	3	0.709714924326737	2	1
1	161475492	G	A	3	0.709714924326737	2	1
1	161519690	T	A	4	0.299358170791571	2	1
1	164768885	A	G	5	1	2	1
1	167190056	T	C	1	0.482945097960186	2	1
1	168025574	T	C	1	0.482945097960186	2	1
1	169483524	G	C	3	0.709714924326737	2	1
1	169676168	A	G	1	0.482945097960186	2	1
1	171560927	G	C	3	0.709714924326737	2	1
1	173726100	T	C	3	0.709714924326737	2	1
1	173726277	G	C	3	0.709714924326737	2	1
1	180158581	C	G	3	0.709714924326737	2	1
1	180257753	A	G	3	0.709714924326737	2	1
1	180723996	T	A	3	0.709714924326737	2	1
1	181550041	T	G	3	0.709714924326737	2	1
1	183095301	T	C	3	0.709714924326737	2	1
1	186151425	G	A	1	0.482945097960186	2	1
1	186280099	T	A	4	0.299358170791571	2	1
1	190203767	T	C	3	0.709714924326737	2	1
1	192321092	G	T	2	0.156367428594894	2	1
1	194122849	C	G	3	0.709714924326737	2	1
1	196438309	C	G	3	0.709714924326737	2	1
1	196882597	C	G	3	0.709714924326737	2	1
1	196882598	T	G	1	0.482945097960186	2	1
1	197390076	G	T	4	0.299358170791571	2	1
1	197407563	T	A	3	0.709714924326737	2	1
1	198668533	T	C	1	0.482945097960186	2	1
1	200587968	A	T	1	0.482945097960186	2	1
1	201751524	G	C	3	0.709714924326737	2	1
1	203045456	G	C	3	0.709714924326737	2	1
1	204096473	C	A	1	0.482945097960186	2	1
1	204197879	C	G	2	0.156367428594894	2	1
1	205590028	A	G	1	0.482945097960186	2	1
1	214826355	T	C	3	0.709714924326737	2	1
1	215844249	A	T	3	0.709714924326737	2	1
1	216497402	T	G	5	1	2	1
1	220488612	G	C	1	0.482945097960186	2	1
1	224124854	T	A	1	0.482945097960186	2	1
1	224124857	T	G	3	0.709714924326737	2	1
1	226438794	A	G	3	0.709714924326737	2	1
1	226465704	G	C	3	0.709714924326737	2	1
1	226836540	G	C	1	0.482945097960186	2	1
1	229581049	C	G	5	1	2	1
1	230457996	C	T	3	0.709714924326737	2	1
1	230904917	T	A	3	0.709714924326737	2	1
1	235875650	C	A	3	0.709714924326737	2	1
1	236399708	G	A	3	0.709714924326737	2	1
1	236717975	G	T	2	0.156367428594894	2	1
1	237890641	C	G	1	0.482945097960186	2	1
1	244769231	G	A	1	0.482945097960186	2	1
1	248367030	T	G	3	0.709714924326737	2	1
1	249231816	T	A	3	0.709714924326737	2	1
2	275066	T	C	1	0.482945097960186	2	1
2	3447550	T	G	3	0.709714924326737	2	1
2	5834844	G	T	3	0.709714924326737	2	1
2	11280657	C	G	3	0.709714924326737	2	1
2	17946358	G	C	1	0.482945097960186	2	1
2	21257620	T	A	1	0.482945097960186	2	1
2	24342427	A	G	3	0.709714924326737	2	1
2	24929670	T	C	3	0.709714924326737	2	1
2	26647178	G	C	3	0.709714924326737	2	1
2	26647198	G	C	1	0.482945097960186	2	1
2	27315015	C	G	1	0.482945097960186	2	1
2	28892539	C	G	3	0.709714924326737	2	1
2	29455333	T	C	1	0.482945097960186	2	1
2	38178891	G	C	1	0.482945097960186	2	1
2	38208387	G	C	1	0.482945097960186	2	1
2	39037605	A	G	5	1	2	1
2	39037844	T	G	3	0.709714924326737	2	1
2	40403180	A	G	3	0.709714924326737	2	1
2	42867440	C	G	4	0.299358170791571	2	1
2	42867465	C	G	3	0.709714924326737	2	1
2	44139715	A	C	4	0.299358170791571	2	1
2	45704075	C	G	3	0.709714924326737	2	1
2	45778420	T	C	3	0.709714924326737	2	1
2	48066960	G	C	3	0.709714924326737	2	1
2	61765473	G	C	2	0.156367428594894	2	1
2	63631521	C	G	1	0.482945097960186	2	1
2	64331899	G	C	3	0.709714924326737	2	1
2	65243810	A	G	1	0.482945097960186	2	1
2	66287777	T	G	4	0.299358170791571	2	1
2	66798763	C	G	5	1	2	1
2	69575172	T	C	3	0.709714924326737	2	1
2	71212386	G	C	3	0.709714924326737	2	1
2	74185492	T	C	3	0.709714924326737	2	1
2	74908260	G	C	1	0.482945097960186	2	1
2	80835346	G	A	3	0.709714924326737	2	1
2	87110537	C	G	2	0.156367428594894	2	1
2	87128459	T	C	4	0.299358170791571	2	1
2	87157036	T	C	1	0.482945097960186	2	1
2	87205282	G	C	4	0.299358170791571	2	1
2	87777691	T	C	1	0.482945097960186	2	1
2	88482541	A	G	3	0.709714924326737	2	1
2	88876130	T	C	4	0.299358170791571	2	1
2	89186061	A	C	5	1	2	1
2	89339870	T	G	1	0.482945097960186	2	1
2	89378440	C	T	3	0.709714924326737	2	1
2	89417282	C	G	1	0.482945097960186	2	1
2	89533723	T	G	2	0.156367428594894	2	1
2	89976509	A	G	3	0.709714924326737	2	1
2	90211942	A	T	3	0.709714924326737	2	1
2	90228922	C	G	4	0.299358170791571	2	1
2	90465105	T	C	2	0.156367428594894	2	1
2	91769435	T	G	3	0.709714924326737	2	1
2	91873981	T	C	3	0.709714924326737	2	1
2	91902479	T	A	2	0.156367428594894	2	1
2	91911453	T	C	2	0.156367428594894	2	1
2	91936459	T	C	3	0.709714924326737	2	1
2	92076366	C	G	3	0.709714924326737	2	1
2	95489101	T	A	2	0.156367428594894	2	1
2	96257061	C	G	3	0.709714924326737	2	1
2	97353852	A	G	1	0.482945097960186	2	1
2	97355640	G	C	3	0.709714924326737	2	1
2	97866455	A	G	1	0.482945097960186	2	1
2	99681800	T	C	3	0.709714924326737	2	1
2	99909166	A	G	3	0.709714924326737	2	1
2	102788512	G	T	3	0.709714924326737	2	1
2	102984297	T	C	1	0.482945097960186	2	1
2	106690259	T	A	3	0.709714924326737	2	1
2	107002351	T	C	1	0.482945097960186	2	1
2	107024289	G	A	3	0.709714924326737	2	1
2	108488776	A	G	3	0.709714924326737	2	1
2	108507431	G	A	2	0.156367428594894	2	1
2	110053151	A	G	3	0.709714924326737	2	1
2	110053152	C	A	3	0.709714924326737	2	1
2	111881275	T	G	4	0.299358170791571	2	1
2	112578891	A	G	3	0.709714924326737	2	1
2	113088477	T	A	2	0.156367428594894	2	1
2	113315306	C	A	3	0.709714924326737	2	1
2	114351698	T	A	2	0.156367428594894	2	1
2	114356773	C	T	4	0.299358170791571	2	1
2	114715435	G	A	3	0.709714924326737	2	1
2	115822636	A	C	3	0.709714924326737	2	1
2	117782193	C	T	5	1	2	1
2	125405424	A	T	4	0.299358170791571	2	1
2	127315808	A	G	4	0.299358170791571	2	1
2	128393082	A	C	4	0.299358170791571	2	1
2	128604393	G	C	3	0.709714924326737	2	1
2	128604428	G	C	1	0.482945097960186	2	1
2	128865195	C	G	3	0.709714924326737	2	1
2	131983395	C	G	3	0.709714924326737	2	1
2	132086309	C	T	2	0.156367428594894	2	1
2	132109385	A	C	4	0.299358170791571	2	1
2	132286166	A	G	3	0.709714924326737	2	1
2	132860478	A	T	1	0.482945097960186	2	1
2	132860479	T	G	1	0.482945097960186	2	1
2	132918816	A	T	3	0.709714924326737	2	1
2	135075199	T	C	3	0.709714924326737	2	1
2	135696593	A	G	3	0.709714924326737	2	1
2	135743718	C	G	3	0.709714924326737	2	1
2	139327588	C	A	1	0.482945097960186	2	1
2	140995810	T	C	3	0.709714924326737	2	1
2	141609309	G	A	4	0.299358170791571	2	1
2	141643464	C	T	3	0.709714924326737	2	1
2	147346634	A	C	4	0.299358170791571	2	1
2	148693080	G	C	3	0.709714924326737	2	1
2	149987224	A	G	1	0.482945097960186	2	1
2	152295313	C	G	3	0.709714924326737	2	1
2	159534909	C	G	1	0.482945097960186	2	1
2	162807145	T	C	3	0.709714924326737	2	1
2	162813818	C	G	2	0.156367428594894	2	1
2	163029935	A	G	3	0.709714924326737	2	1
2	165952420	A	G	1	0.482945097960186	2	1
2	167089689	G	A	2	0.156367428594894	2	1
2	167089690	T	C	2	0.156367428594894	2	1
2	169734049	A	G	4	0.299358170791571	2	1
2	169761129	G	C	3	0.709714924326737	2	1
2	170089821	C	T	3	0.709714924326737	2	1
2	170506626	G	A	3	0.709714924326737	2	1
2	178990680	A	T	2	0.156367428594894	2	1
2	179399273	C	G	3	0.709714924326737	2	1
2	179416753	G	C	3	0.709714924326737	2	1
2	179417526	G	A	3	0.709714924326737	2	1
2	179469548	C	G	3	0.709714924326737	2	1
2	179515960	G	T	2	0.156367428594894	2	1
2	179534785	G	A	3	0.709714924326737	2	1
2	179579999	C	T	3	0.709714924326737	2	1
2	179671462	T	G	3	0.709714924326737	2	1
2	183583328	T	G	3	0.709714924326737	2	1
2	183608611	T	C	3	0.709714924326737	2	1
2	185727619	C	G	3	0.709714924326737	2	1
2	187530010	T	C	3	0.709714924326737	2	1
2	191897866	G	C	1	0.482945097960186	2	1
2	197951390	T	C	3	0.709714924326737	2	1
2	198299665	C	G	3	0.709714924326737	2	1
2	198636921	A	G	1	0.482945097960186	2	1
2	200134283	G	C	3	0.709714924326737	2	1
2	200626196	G	C	3	0.709714924326737	2	1
2	200626208	T	C	3	0.709714924326737	2	1
2	201735894	T	G	4	0.299358170791571	2	1
2	203986910	G	T	1	0.482945097960186	2	1
2	204000301	G	C	3	0.709714924326737	2	1
2	204305784	A	G	1	0.482945097960186	2	1
2	206480463	A	G	1	0.482945097960186	2	1
2	207823082	A	G	3	0.709714924326737	2	1
2	208618724	G	A	5	1	2	1
2	209110175	A	G	3	0.709714924326737	2	1
2	210046997	C	T	3	0.709714924326737	2	1
2	210804258	A	G	3	0.709714924326737	2	1
2	211465628	T	A	3	0.709714924326737	2	1
2	211504477	C	G	5	1	2	1
2	215848454	T	G	4	0.299358170791571	2	1
2	216245721	G	T	4	0.299358170791571	2	1
2	219423329	G	C	3	0.709714924326737	2	1
2	219544601	T	C	1	0.482945097960186	2	1
2	220044899	A	G	1	0.482945097960186	2	1
2	220136731	G	A	2	0.156367428594894	2	1
2	220494163	A	G	3	0.709714924326737	2	1
2	227660348	A	G	3	0.709714924326737	2	1
2	228419364	A	G	3	0.709714924326737	2	1
2	231109570	T	C	3	0.709714924326737	2	1
2	231940294	T	G	3	0.709714924326737	2	1
2	231940295	T	C	1	0.482945097960186	2	1
2	232673232	G	C	1	0.482945097960186	2	1
2	233644614	C	G	3	0.709714924326737	2	1
2	238165528	A	C	3	0.709714924326737	2	1
2	239098303	C	G	3	0.709714924326737	2	1
2	241389889	T	C	0	0	2	1
2	241446790	C	T	4	0.299358170791571	2	1
2	241570042	T	G	3	0.709714924326737	2	1
2	241925490	T	G	3	0.709714924326737	2	1
2	242815539	T	C	2	0.156367428594894	2	1
3	6998113	C	G	0	0	2	1
3	8705511	C	T	0	0	2	1
3	9843534	T	G	2	0.156367428594894	2	1
3	19436978	A	C	5	1	2	1
3	35758831	T	A	2	0.156367428594894	2	1
3	38009492	C	G	3	0.709714924326737	2	1
3	38743671	T	G	3	0.709714924326737	2	1
3	42917725	G	C	5	1	2	1
3	44852227	T	C	4	0.299358170791571	2	1
3	47292018	C	G	0	0	2	1
3	47476524	T	C	5	1	2	1
3	47950876	A	T	5	1	2	1
3	49168544	C	G	5	1	2	1
3	49395605	T	C	0	0	2	1
3	52292937	C	G	5	1	2	1
3	52399050	G	C	3	0.709714924326737	2	1
3	53845884	A	T	1	0.482945097960186	2	1
3	53922457	T	C	5	1	2	1
3	54953035	T	A	3	0.709714924326737	2	1
3	61989211	T	G	5	1	2	1
3	67568475	G	C	2	0.156367428594894	2	1
3	70014804	A	G	3	0.709714924326737	2	1
3	73232106	T	C	5	1	2	1
3	75466294	T	C	0	0	2	1
3	75471216	C	G	0	0	2	1
3	88997482	C	G	3	0.709714924326737	2	1
3	93781985	C	G	4	0.299358170791571	2	1
3	95788873	T	C	0	0	2	1
3	97167488	A	C	2	0.156367428594894	2	1
3	99514421	T	C	3	0.709714924326737	2	1
3	100100286	C	G	3	0.709714924326737	2	1
3	100484665	C	G	1	0.482945097960186	2	1
3	100565141	G	C	2	0.156367428594894	2	1
3	101219930	A	G	4	0.299358170791571	2	1
3	107096585	C	G	3	0.709714924326737	2	1
3	107096833	G	C	4	0.299358170791571	2	1
3	107642494	A	G	1	0.482945097960186	2	1
3	107925640	C	G	1	0.482945097960186	2	1
3	108098988	A	G	2	0.156367428594894	2	1
3	108365694	T	C	3	0.709714924326737	2	1
3	108703761	A	G	2	0.156367428594894	2	1
3	113015968	T	G	1	0.482945097960186	2	1
3	113175973	C	G	1	0.482945097960186	2	1
3	113956033	A	G	4	0.299358170791571	2	1
3	114214912	G	C	4	0.299358170791571	2	1
3	116144839	C	T	4	0.299358170791571	2	1
3	123688917	C	T	2	0.156367428594894	2	1
3	124223682	G	C	4	0.299358170791571	2	1
3	125431391	A	G	3	0.709714924326737	2	1
3	128338417	C	G	3	0.709714924326737	2	1
3	128615227	T	A	2	0.156367428594894	2	1
3	128878093	A	G	4	0.299358170791571	2	1
3	129252993	G	C	2	0.156367428594894	2	1
3	129304805	A	T	4	0.299358170791571	2	1
3	130285986	C	G	2	0.156367428594894	2	1
3	130301007	A	G	3	0.709714924326737	2	1
3	132423316	A	G	1	0.482945097960186	2	1
3	137956456	G	C	1	0.482945097960186	2	1
3	138338375	A	G	3	0.709714924326737	2	1
3	141906145	A	G	3	0.709714924326737	2	1
3	142762096	A	G	4	0.299358170791571	2	1
3	146233783	G	C	3	0.709714924326737	2	1
3	146304220	C	G	3	0.709714924326737	2	1
3	147111930	T	A	1	0.482945097960186	2	1
3	147126988	T	G	0	0	2	1
3	147130229	T	C	2	0.156367428594894	2	1
3	148583243	T	C	4	0.299358170791571	2	1
3	149563736	G	C	4	0.299358170791571	2	1
3	149683337	A	G	1	0.482945097960186	2	1
3	150261005	G	C	2	0.156367428594894	2	1
3	150280585	G	A	4	0.299358170791571	2	1
3	150403461	C	T	4	0.299358170791571	2	1
3	150877968	G	C	4	0.299358170791571	2	1
3	151176554	G	C	4	0.299358170791571	2	1
3	154802229	C	G	1	0.482945097960186	2	1
3	155203166	T	C	4	0.299358170791571	2	1
3	155762309	G	A	1	0.482945097960186	2	1
3	160132063	G	A	1	0.482945097960186	2	1
3	160819048	G	C	3	0.709714924326737	2	1
3	166960121	A	T	1	0.482945097960186	2	1
3	168832976	G	T	1	0.482945097960186	2	1
3	169513158	T	C	2	0.156367428594894	2	1
3	169835296	A	T	2	0.156367428594894	2	1
3	170215210	G	A	1	0.482945097960186	2	1
3	171410142	A	G	4	0.299358170791571	2	1
3	171569541	A	G	3	0.709714924326737	2	1
3	172492047	G	A	1	0.482945097960186	2	1
3	176729339	C	T	1	0.482945097960186	2	1
3	178543141	A	G	3	0.709714924326737	2	1
3	178942751	T	C	4	0.299358170791571	2	1
3	180334689	G	C	2	0.156367428594894	2	1
3	180676037	C	T	2	0.156367428594894	2	1
3	181289129	A	T	3	0.709714924326737	2	1
3	181431344	C	G	3	0.709714924326737	2	1
3	182409817	G	C	3	0.709714924326737	2	1
3	182757069	G	A	5	1	2	1
3	182812188	A	G	2	0.156367428594894	2	1
3	183584094	C	G	3	0.709714924326737	2	1
3	183745496	G	C	2	0.156367428594894	2	1
3	183895805	C	A	4	0.299358170791571	2	1
3	184016979	T	G	3	0.709714924326737	2	1
3	184966361	G	C	4	0.299358170791571	2	1
3	185251587	G	C	1	0.482945097960186	2	1
3	185765587	T	G	2	0.156367428594894	2	1
3	186261964	G	C	4	0.299358170791571	2	1
3	186262284	G	C	4	0.299358170791571	2	1
3	186370013	T	C	2	0.156367428594894	2	1
3	191087695	T	C	1	0.482945097960186	2	1
3	192125787	A	G	4	0.299358170791571	2	1
3	192515119	G	C	1	0.482945097960186	2	1
3	193854800	A	G	1	0.482945097960186	2	1
3	193855777	A	G	2	0.156367428594894	2	1
3	194857696	C	G	2	0.156367428594894	2	1
3	195505834	A	G	2	0.156367428594894	2	1
3	195506826	G	A	3	0.709714924326737	2	1
3	195510155	T	C	3	0.709714924326737	2	1
3	195695124	A	C	1	0.482945097960186	2	1
3	196455437	T	C	1	0.482945097960186	2	1
3	196613210	G	C	2	0.156367428594894	2	1
3	197346530	G	C	1	0.482945097960186	2	1
3	197379636	C	T	1	0.482945097960186	2	1
3	197581034	T	A	4	0.299358170791571	2	1
3	197639750	T	C	4	0.299358170791571	2	1
4	206339	T	C	0	0	2	1
4	1980377	A	G	3	0.709714924326737	2	1
4	2746364	T	C	1	0.482945097960186	2	1
4	3418651	T	C	5	1	2	1
4	5577861	C	G	0	0	2	1
4	9216528	A	G	0	0	2	1
4	9245152	A	C	1	0.482945097960186	2	1
4	25334801	C	G	0	0	2	1
4	36166728	T	C	3	0.709714924326737	2	1
4	44450287	A	C	3	0.709714924326737	2	1
4	49238116	A	T	2	0.156367428594894	2	1
4	49240940	A	T	2	0.156367428594894	2	1
4	49508222	C	A	4	0.299358170791571	2	1
4	53773566	T	C	3	0.709714924326737	2	1
4	62929465	T	C	3	0.709714924326737	2	1
4	66201754	T	C	5	1	2	1
4	66509385	T	A	3	0.709714924326737	2	1
4	73148804	A	G	5	1	2	1
4	74008436	A	G	3	0.709714924326737	2	1
4	74861752	G	C	5	1	2	1
4	75179061	C	G	3	0.709714924326737	2	1
4	77283385	G	C	5	1	2	1
4	89319432	T	C	3	0.709714924326737	2	1
4	100502983	C	T	3	0.709714924326737	2	1
4	103971419	A	G	0	0	2	1
4	104007716	A	T	3	0.709714924326737	2	1
4	108641033	T	C	3	0.709714924326737	2	1
4	110744971	A	G	5	1	2	1
4	113332323	C	G	5	1	2	1
4	119414248	T	G	5	1	2	1
4	119569905	A	T	2	0.156367428594894	2	1
4	119727298	G	C	3	0.709714924326737	2	1
4	120422270	T	G	2	0.156367428594894	2	1
4	128860803	A	G	2	0.156367428594894	2	1
4	129792615	T	C	0	0	2	1
4	134112077	T	C	5	1	2	1
4	140375361	T	G	2	0.156367428594894	2	1
4	141330792	A	C	3	0.709714924326737	2	1
4	144801408	C	T	2	0.156367428594894	2	1
4	144801409	A	G	2	0.156367428594894	2	1
4	144801813	A	G	2	0.156367428594894	2	1
4	146296729	G	C	5	1	2	1
4	154721904	T	A	1	0.482945097960186	2	1
4	156161022	T	G	3	0.709714924326737	2	1
4	159863014	T	C	3	0.709714924326737	2	1
4	186556582	A	C	3	0.709714924326737	2	1
4	188925970	G	C	5	1	2	1
5	151448	A	C	2	0.156367428594894	2	1
5	217258	A	G	1	0.482945097960186	2	1
5	217264	A	G	1	0.482945097960186	2	1
5	484145	A	C	4	0.299358170791571	2	1
5	666014	C	A	1	0.482945097960186	2	1
5	3601309	C	G	3	0.709714924326737	2	1
5	7744036	T	G	3	0.709714924326737	2	1
5	7789943	G	A	1	0.482945097960186	2	1
5	11098991	A	G	1	0.482945097960186	2	1
5	11199687	T	C	5	1	2	1
5	13729501	C	A	4	0.299358170791571	2	1
5	13793554	C	A	3	0.709714924326737	2	1
5	14504668	C	G	1	0.482945097960186	2	1
5	14751401	C	G	1	0.482945097960186	2	1
5	17604679	C	T	3	0.709714924326737	2	1
5	21483559	G	C	2	0.156367428594894	2	1
5	21485123	A	G	2	0.156367428594894	2	1
5	21502250	T	A	4	0.299358170791571	2	1
5	21883702	C	G	5	1	2	1
5	21884503	T	A	5	1	2	1
5	24510120	C	T	3	0.709714924326737	2	1
5	26880429	T	A	3	0.709714924326737	2	1
5	31448442	C	G	0	0	2	1
5	32276688	C	G	3	0.709714924326737	2	1
5	34183312	C	G	2	0.156367428594894	2	1
5	37184806	C	G	4	0.299358170791571	2	1
5	38417961	C	A	3	0.709714924326737	2	1
5	38883934	C	G	3	0.709714924326737	2	1
5	39720987	A	C	1	0.482945097960186	2	1
5	41005033	G	C	1	0.482945097960186	2	1
5	45267379	A	G	3	0.709714924326737	2	1
5	54720516	C	G	5	1	2	1
5	55406922	A	G	5	1	2	1
5	61733152	A	C	4	0.299358170791571	2	1
5	63665720	C	G	0	0	2	1
5	64824660	C	T	0	0	2	1
5	66760594	T	A	5	1	2	1
5	74109455	C	T	0	0	2	1
5	76721459	A	C	3	0.709714924326737	2	1
5	79743670	C	G	3	0.709714924326737	2	1
5	80809449	A	G	0	0	2	1
5	82836641	A	G	0	0	2	1
5	85582639	C	G	3	0.709714924326737	2	1
5	89923262	G	A	3	0.709714924326737	2	1
5	89925261	C	G	3	0.709714924326737	2	1
5	112770474	T	G	3	0.709714924326737	2	1
5	118862933	T	C	3	0.709714924326737	2	1
5	122272273	T	C	0	0	2	1
5	122359466	A	G	3	0.709714924326737	2	1
5	126383326	T	C	5	1	2	1
5	126783514	A	C	5	1	2	1
5	127610047	A	T	3	0.709714924326737	2	1
5	127654049	A	G	5	1	2	1
5	130791536	A	G	3	0.709714924326737	2	1
5	132150834	T	C	0	0	2	1
5	133316370	G	A	0	0	2	1
5	136311228	G	C	3	0.709714924326737	2	1
5	136602930	G	C	3	0.709714924326737	2	1
5	137588738	A	G	4	0.299358170791571	2	1
5	137801041	G	C	5	1	2	1
5	138774780	A	G	1	0.482945097960186	2	1
5	140187734	C	A	1	0.482945097960186	2	1
5	140215754	C	G	5	1	2	1
5	140515731	A	G	5	1	2	1
5	141027830	T	C	3	0.709714924326737	2	1
5	149823788	A	G	5	1	2	1
5	150158348	G	C	5	1	2	1
5	150718401	C	G	0	0	2	1
5	150885158	T	C	1	0.482945097960186	2	1
5	156887407	T	C	0	0	2	1
5	157102133	T	A	5	1	2	1
5	160067736	G	A	5	1	2	1
5	161178449	G	C	3	0.709714924326737	2	1
5	168149387	T	A	3	0.709714924326737	2	1
5	174948965	C	G	0	0	2	1
5	178333829	C	G	5	1	2	1
5	178541072	C	G	5	1	2	1
5	179043345	T	C	3	0.709714924326737	2	1
5	179134403	A	G	5	1	2	1
5	179147662	C	G	3	0.709714924326737	2	1
5	179147687	C	G	3	0.709714924326737	2	1
6	325710	T	C	1	0.482945097960186	2	1
6	13365221	T	C	5	1	2	1
6	15504476	A	G	0	0	2	1
6	17850233	T	G	2	0.156367428594894	2	1
6	18255830	T	C	3	0.709714924326737	2	1
6	20955702	T	A	1	0.482945097960186	2	1
6	24205373	C	A	4	0.299358170791571	2	1
6	24437630	T	G	1	0.482945097960186	2	1
6	24666539	G	C	3	0.709714924326737	2	1
6	25834228	T	G	3	0.709714924326737	2	1
6	25845630	A	T	1	0.482945097960186	2	1
6	25916609	A	C	4	0.299358170791571	2	1
6	26157173	G	C	4	0.299358170791571	2	1
6	26216801	C	T	3	0.709714924326737	2	1
6	26217124	G	A	2	0.156367428594894	2	1
6	26252306	A	G	3	0.709714924326737	2	1
6	27103149	A	G	3	0.709714924326737	2	1
6	27418926	A	T	5	1	2	1
6	28200349	T	C	2	0.156367428594894	2	1
6	28200568	C	G	4	0.299358170791571	2	1
6	28659704	G	A	3	0.709714924326737	2	1
6	29431380	T	C	3	0.709714924326737	2	1
6	29641327	T	G	4	0.299358170791571	2	1
6	29761012	G	C	3	0.709714924326737	2	1
6	29893343	G	C	5	1	2	1
6	30032343	T	A	3	0.709714924326737	2	1
6	30585798	G	C	1	0.482945097960186	2	1
6	31655968	A	G	4	0.299358170791571	2	1
6	31844568	T	G	3	0.709714924326737	2	1
6	33176534	C	A	1	0.482945097960186	2	1
6	33287544	A	G	1	0.482945097960186	2	1
6	33288014	C	G	3	0.709714924326737	2	1
6	33589068	G	C	5	1	2	1
6	33589418	G	C	3	0.709714924326737	2	1
6	33763150	C	G	3	0.709714924326737	2	1
6	42141697	C	G	1	0.482945097960186	2	1
6	43416746	C	G	3	0.709714924326737	2	1
6	44115144	T	C	3	0.709714924326737	2	1
6	45983349	G	C	0	0	2	1
6	46678307	G	A	3	0.709714924326737	2	1
6	56296998	T	C	3	0.709714924326737	2	1
6	57466996	T	C	4	0.299358170791571	2	1
6	57512867	C	A	3	0.709714924326737	2	1
6	64791820	G	T	3	0.709714924326737	2	1
6	65016823	C	T	3	0.709714924326737	2	1
6	65767844	A	C	1	0.482945097960186	2	1
6	66012685	C	G	4	0.299358170791571	2	1
6	69795250	C	A	4	0.299358170791571	2	1
6	71270466	C	G	1	0.482945097960186	2	1
6	72975595	T	C	3	0.709714924326737	2	1
6	75816314	G	C	3	0.709714924326737	2	1
6	78632831	A	G	3	0.709714924326737	2	1
6	80064363	G	C	3	0.709714924326737	2	1
6	82462564	C	G	1	0.482945097960186	2	1
6	83866799	T	A	3	0.709714924326737	2	1
6	83879104	C	G	3	0.709714924326737	2	1
6	88330995	G	A	1	0.482945097960186	2	1
6	88853624	T	G	5	1	2	1
6	90312873	G	C	3	0.709714924326737	2	1
6	90332906	T	A	5	1	2	1
6	90356400	T	C	3	0.709714924326737	2	1
6	90640313	T	C	1	0.482945097960186	2	1
6	90640314	T	C	3	0.709714924326737	2	1
6	98472279	A	G	4	0.299358170791571	2	1
6	99831883	T	C	3	0.709714924326737	2	1
6	100498188	T	C	3	0.709714924326737	2	1
6	102503417	C	T	3	0.709714924326737	2	1
6	109906570	G	A	1	0.482945097960186	2	1
6	116288889	G	C	3	0.709714924326737	2	1
6	117591692	A	C	3	0.709714924326737	2	1
6	117866764	C	A	1	0.482945097960186	2	1
6	117866776	G	C	2	0.156367428594894	2	1
6	118028308	A	C	1	0.482945097960186	2	1
6	121629144	A	G	3	0.709714924326737	2	1
6	123125193	T	C	3	0.709714924326737	2	1
6	123599428	A	G	3	0.709714924326737	2	1
6	123759779	T	A	0	0	2	1
6	126073340	G	A	4	0.299358170791571	2	1
6	126211851	C	G	1	0.482945097960186	2	1
6	127467718	G	A	2	0.156367428594894	2	1
6	128556657	A	T	1	0.482945097960186	2	1
6	129513900	C	G	3	0.709714924326737	2	1
6	132945503	A	C	3	0.709714924326737	2	1
6	133421321	T	C	3	0.709714924326737	2	1
6	139229630	G	C	3	0.709714924326737	2	1
6	146720177	A	T	1	0.482945097960186	2	1
6	149924184	T	C	5	1	2	1
6	150064835	G	C	4	0.299358170791571	2	1
6	150064852	G	C	4	0.299358170791571	2	1
6	150690182	A	T	0	0	2	1
6	152557853	C	G	2	0.156367428594894	2	1
6	152751612	T	C	3	0.709714924326737	2	1
6	159621007	C	G	5	1	2	1
6	160500420	T	G	3	0.709714924326737	2	1
6	166944868	C	G	3	0.709714924326737	2	1
6	167570396	T	C	3	0.709714924326737	2	1
6	167587503	T	A	4	0.299358170791571	2	1
6	167587697	T	C	2	0.156367428594894	2	1
6	167752004	A	G	1	0.482945097960186	2	1
6	168708948	T	C	3	0.709714924326737	2	1
6	170112537	A	G	3	0.709714924326737	2	1
7	298362	A	G	1	0.482945097960186	2	1
7	298397	C	T	3	0.709714924326737	2	1
7	298401	A	G	3	0.709714924326737	2	1
7	1014638	G	A	0	0	2	1
7	1532790	T	C	4	0.299358170791571	2	1
7	2019899	C	A	5	1	2	1
7	2621767	G	C	0	0	2	1
7	2621803	G	C	0	0	2	1
7	2701002	A	G	5	1	2	1
7	2968088	A	C	1	0.482945097960186	2	1
7	5967774	C	G	0	0	2	1
7	6084313	C	G	0	0	2	1
7	6785988	G	C	3	0.709714924326737	2	1
7	6864479	A	T	4	0.299358170791571	2	1
7	8178269	G	C	0	0	2	1
7	17874127	T	C	0	0	2	1
7	23385870	G	C	1	0.482945097960186	2	1
7	26933554	A	C	1	0.482945097960186	2	1
7	27064054	G	C	5	1	2	1
7	30411721	G	C	3	0.709714924326737	2	1
7	33186095	T	C	4	0.299358170791571	2	1
7	35161509	T	G	3	0.709714924326737	2	1
7	36435749	A	G	2	0.156367428594894	2	1
7	43157594	G	C	0	0	2	1
7	44684848	C	G	0	0	2	1
7	56123049	T	C	0	0	2	1
7	56869968	C	T	4	0.299358170791571	2	1
7	56884962	C	G	2	0.156367428594894	2	1
7	57008573	A	C	4	0.299358170791571	2	1
7	57545039	A	C	0	0	2	1
7	57921467	T	G	0	0	2	1
7	63016804	T	G	3	0.709714924326737	2	1
7	63035181	A	C	3	0.709714924326737	2	1
7	63212612	G	C	2	0.156367428594894	2	1
7	63225306	T	C	4	0.299358170791571	2	1
7	65157474	C	T	4	0.299358170791571	2	1
7	65173462	A	G	1	0.482945097960186	2	1
7	66041643	C	G	3	0.709714924326737	2	1
7	66745220	A	G	2	0.156367428594894	2	1
7	69755614	C	G	4	0.299358170791571	2	1
7	72419997	G	C	2	0.156367428594894	2	1
7	72420000	G	C	2	0.156367428594894	2	1
7	72607580	A	G	2	0.156367428594894	2	1
7	72646330	C	G	3	0.709714924326737	2	1
7	72925246	A	G	3	0.709714924326737	2	1
7	74294975	C	T	2	0.156367428594894	2	1
7	75126481	C	G	3	0.709714924326737	2	1
7	75399146	T	C	5	1	2	1
7	76069926	G	A	2	0.156367428594894	2	1
7	76140165	T	C	4	0.299358170791571	2	1
7	76634060	T	C	1	0.482945097960186	2	1
7	76883833	T	G	2	0.156367428594894	2	1
7	77234187	T	C	3	0.709714924326737	2	1
7	79828400	A	G	3	0.709714924326737	2	1
7	81197158	A	G	3	0.709714924326737	2	1
7	82476488	C	T	3	0.709714924326737	2	1
7	83016540	A	C	1	0.482945097960186	2	1
7	87329770	A	G	5	1	2	1
7	88424009	G	T	1	0.482945097960186	2	1
7	92191533	G	C	3	0.709714924326737	2	1
7	92733395	T	G	2	0.156367428594894	2	1
7	92734096	A	C	3	0.709714924326737	2	1
7	93072855	A	G	5	1	2	1
7	94299157	G	A	3	0.709714924326737	2	1
7	94833187	C	G	3	0.709714924326737	2	1
7	94944672	A	G	3	0.709714924326737	2	1
7	98645514	C	G	3	0.709714924326737	2	1
7	100211473	G	A	5	1	2	1
7	100463931	A	G	3	0.709714924326737	2	1
7	100860671	C	G	3	0.709714924326737	2	1
7	102518079	A	C	2	0.156367428594894	2	1
7	102738756	G	C	3	0.709714924326737	2	1
7	102883518	A	T	2	0.156367428594894	2	1
7	103216235	G	C	3	0.709714924326737	2	1
7	104767640	T	C	3	0.709714924326737	2	1
7	104787309	A	G	3	0.709714924326737	2	1
7	105667962	A	G	3	0.709714924326737	2	1
7	105668224	C	G	5	1	2	1
7	105904172	C	G	3	0.709714924326737	2	1
7	107818350	G	A	3	0.709714924326737	2	1
7	111386604	A	G	3	0.709714924326737	2	1
7	116606283	T	C	1	0.482945097960186	2	1
7	117876331	T	G	3	0.709714924326737	2	1
7	124269891	T	C	1	0.482945097960186	2	1
7	125680089	C	T	4	0.299358170791571	2	1
7	127235714	A	C	3	0.709714924326737	2	1
7	128296519	C	G	2	0.156367428594894	2	1
7	130353957	C	G	3	0.709714924326737	2	1
7	131191464	A	T	2	0.156367428594894	2	1
7	131865264	T	C	3	0.709714924326737	2	1
7	133502496	A	T	0	0	2	1
7	133893926	T	G	3	0.709714924326737	2	1
7	135386702	G	C	3	0.709714924326737	2	1
7	138394553	G	A	4	0.299358170791571	2	1
7	138564410	G	A	4	0.299358170791571	2	1
7	138588312	T	C	3	0.709714924326737	2	1
7	138732240	C	G	3	0.709714924326737	2	1
7	141464066	G	C	5	1	2	1
7	142574902	C	G	1	0.482945097960186	2	1
7	142651165	G	A	1	0.482945097960186	2	1
7	143956732	A	C	2	0.156367428594894	2	1
7	147914501	A	G	3	0.709714924326737	2	1
7	148498346	C	G	3	0.709714924326737	2	1
7	148543532	A	T	3	0.709714924326737	2	1
7	150068010	T	C	3	0.709714924326737	2	1
7	150759543	C	T	1	0.482945097960186	2	1
7	151300158	G	C	2	0.156367428594894	2	1
7	151372626	G	C	2	0.156367428594894	2	1
7	151935966	G	C	4	0.299358170791571	2	1
7	154172025	T	G	3	0.709714924326737	2	1
7	156125203	C	G	4	0.299358170791571	2	1
7	157408499	T	A	3	0.709714924326737	2	1
7	158449483	G	A	2	0.156367428594894	2	1
7	158494518	C	G	2	0.156367428594894	2	1
7	158649483	G	C	3	0.709714924326737	2	1
8	4277579	A	C	3	0.709714924326737	2	1
8	7278083	T	C	2	0.156367428594894	2	1
8	7430648	T	A	2	0.156367428594894	2	1
8	7462974	C	A	1	0.482945097960186	2	1
8	9562276	G	A	3	0.709714924326737	2	1
8	11188748	A	C	2	0.156367428594894	2	1
8	14022435	A	G	3	0.709714924326737	2	1
8	23747997	T	C	0	0	2	1
8	27394180	C	G	1	0.482945097960186	2	1
8	27762004	C	G	3	0.709714924326737	2	1
8	29940459	A	C	3	0.709714924326737	2	1
8	35425375	C	G	5	1	2	1
8	36763186	T	C	1	0.482945097960186	2	1
8	42798307	C	G	3	0.709714924326737	2	1
8	46849315	T	A	4	0.299358170791571	2	1
8	46849757	T	C	2	0.156367428594894	2	1
8	49647820	T	C	1	0.482945097960186	2	1
8	51675219	C	A	4	0.299358170791571	2	1
8	54669375	G	C	1	0.482945097960186	2	1
8	54859445	T	C	1	0.482945097960186	2	1
8	54885628	T	C	3	0.709714924326737	2	1
8	55632868	A	T	4	0.299358170791571	2	1
8	59412441	T	A	3	0.709714924326737	2	1
8	62115658	A	G	4	0.299358170791571	2	1
8	62496566	G	A	3	0.709714924326737	2	1
8	62496578	G	C	1	0.482945097960186	2	1
8	66992251	G	C	3	0.709714924326737	2	1
8	67359407	G	C	3	0.709714924326737	2	1
8	67359511	G	C	3	0.709714924326737	2	1
8	67417818	A	C	3	0.709714924326737	2	1
8	67511380	A	G	3	0.709714924326737	2	1
8	68030508	G	C	2	0.156367428594894	2	1
8	68942895	C	T	4	0.299358170791571	2	1
8	71487377	A	C	1	0.482945097960186	2	1
8	72950604	C	T	3	0.709714924326737	2	1
8	74332195	C	G	3	0.709714924326737	2	1
8	77803994	A	G	3	0.709714924326737	2	1
8	79513888	A	G	3	0.709714924326737	2	1
8	86250822	T	G	3	0.709714924326737	2	1
8	86747324	T	G	2	0.156367428594894	2	1
8	86786410	T	A	4	0.299358170791571	2	1
8	87497283	G	C	2	0.156367428594894	2	1
8	92170408	C	G	3	0.709714924326737	2	1
8	101146315	T	C	2	0.156367428594894	2	1
8	105261025	T	G	4	0.299358170791571	2	1
8	105459637	C	A	5	1	2	1
8	105601317	G	C	0	0	2	1
8	107530942	C	T	3	0.709714924326737	2	1
8	110497170	A	C	3	0.709714924326737	2	1
8	110497171	A	C	1	0.482945097960186	2	1
8	110542152	G	A	4	0.299358170791571	2	1
8	113246798	A	G	1	0.482945097960186	2	1
8	116420670	A	T	3	0.709714924326737	2	1
8	120598211	C	G	2	0.156367428594894	2	1
8	120598242	C	G	4	0.299358170791571	2	1
8	121302047	A	G	3	0.709714924326737	2	1
8	122627399	G	C	1	0.482945097960186	2	1
8	124206406	G	C	5	1	2	1
8	126023961	G	C	3	0.709714924326737	2	1
8	132998550	C	G	1	0.482945097960186	2	1
8	139164699	A	G	3	0.709714924326737	2	1
8	143369203	G	A	2	0.156367428594894	2	1
8	143413112	G	C	3	0.709714924326737	2	1
8	144993849	G	C	3	0.709714924326737	2	1
8	145678820	A	G	5	1	2	1
8	145689385	G	C	1	0.482945097960186	2	1
9	13192	C	G	2	0.156367428594894	2	1
9	5078403	A	T	4	0.299358170791571	2	1
9	6990366	T	A	4	0.299358170791571	2	1
9	7127974	T	G	5	1	2	1
9	20866916	A	T	3	0.709714924326737	2	1
9	20982675	T	G	5	1	2	1
9	24545787	G	A	1	0.482945097960186	2	1
9	33567526	T	G	5	1	2	1
9	33796660	C	T	2	0.156367428594894	2	1
9	35722940	T	C	0	0	2	1
9	37885638	T	C	0	0	2	1
9	39817347	A	G	4	0.299358170791571	2	1
9	40293089	T	C	3	0.709714924326737	2	1
9	41327080	T	A	3	0.709714924326737	2	1
9	44119655	T	G	3	0.709714924326737	2	1
9	44172573	G	T	2	0.156367428594894	2	1
9	46844533	C	G	4	0.299358170791571	2	1
9	66514401	T	C	4	0.299358170791571	2	1
9	68452660	T	G	1	0.482945097960186	2	1
9	71816154	T	C	1	0.482945097960186	2	1
9	72962662	G	C	3	0.709714924326737	2	1
9	73425051	C	T	4	0.299358170791571	2	1
9	77112527	C	G	3	0.709714924326737	2	1
9	77280371	A	T	5	1	2	1
9	77280372	T	A	0	0	2	1
9	77354750	T	A	3	0.709714924326737	2	1
9	84302876	A	G	3	0.709714924326737	2	1
9	88958333	A	G	3	0.709714924326737	2	1
9	90342420	G	C	3	0.709714924326737	2	1
9	91962153	A	G	3	0.709714924326737	2	1
9	95575656	C	G	3	0.709714924326737	2	1
9	96061678	A	G	3	0.709714924326737	2	1
9	97072960	T	G	3	0.709714924326737	2	1
9	98718452	A	G	3	0.709714924326737	2	1
9	100082211	T	C	1	0.482945097960186	2	1
9	103055236	G	A	3	0.709714924326737	2	1
9	103111643	T	C	1	0.482945097960186	2	1
9	103114706	T	G	2	0.156367428594894	2	1
9	108424807	C	G	3	0.709714924326737	2	1
9	109700926	C	G	3	0.709714924326737	2	1
9	112006050	A	G	3	0.709714924326737	2	1
9	112029667	A	G	1	0.482945097960186	2	1
9	113168977	T	C	3	0.709714924326737	2	1
9	114981830	C	T	3	0.709714924326737	2	1
9	115649757	G	C	4	0.299358170791571	2	1
9	116760844	C	G	3	0.709714924326737	2	1
9	117113456	A	C	2	0.156367428594894	2	1
9	123624322	A	G	1	0.482945097960186	2	1
9	127177561	T	C	2	0.156367428594894	2	1
9	127561560	T	G	3	0.709714924326737	2	1
9	129854177	G	C	3	0.709714924326737	2	1
9	131455881	A	G	3	0.709714924326737	2	1
9	131848617	T	G	5	1	2	1
9	131882653	G	A	3	0.709714924326737	2	1
9	133236132	T	C	1	0.482945097960186	2	1
9	136272648	A	C	4	0.299358170791571	2	1
9	138378917	A	G	2	0.156367428594894	2	1
9	138903891	C	G	3	0.709714924326737	2	1
9	139687364	A	G	3	0.709714924326737	2	1
9	140473227	T	C	1	0.482945097960186	2	1
10	243848	T	C	3	0.709714924326737	2	1
10	1056649	G	C	3	0.709714924326737	2	1
10	2056255	A	G	4	0.299358170791571	2	1
10	3167615	C	G	1	0.482945097960186	2	1
10	5042840	A	G	3	0.709714924326737	2	1
10	6255635	T	C	3	0.709714924326737	2	1
10	6533671	T	A	1	0.482945097960186	2	1
10	7683828	A	T	3	0.709714924326737	2	1
10	8006607	G	A	1	0.482945097960186	2	1
10	8132727	G	C	3	0.709714924326737	2	1
10	11277918	A	G	3	0.709714924326737	2	1
10	13708444	T	C	3	0.709714924326737	2	1
10	13716805	T	C	4	0.299358170791571	2	1
10	17865558	G	C	3	0.709714924326737	2	1
10	19546618	T	G	1	0.482945097960186	2	1
10	21250583	A	G	3	0.709714924326737	2	1
10	22171264	G	C	1	0.482945097960186	2	1
10	23482564	G	A	3	0.709714924326737	2	1
10	26849901	G	C	1	0.482945097960186	2	1
10	32327005	A	T	3	0.709714924326737	2	1
10	33208724	A	G	3	0.709714924326737	2	1
10	33496676	A	G	4	0.299358170791571	2	1
10	34739517	A	G	3	0.709714924326737	2	1
10	37486454	A	G	3	0.709714924326737	2	1
10	37505197	G	A	2	0.156367428594894	2	1
10	37627489	G	A	1	0.482945097960186	2	1
10	38978496	G	C	3	0.709714924326737	2	1
10	43624316	G	T	2	0.156367428594894	2	1
10	44345239	T	G	3	0.709714924326737	2	1
10	45652642	C	G	3	0.709714924326737	2	1
10	46964186	T	G	2	0.156367428594894	2	1
10	49291648	A	G	2	0.156367428594894	2	1
10	49942233	A	G	3	0.709714924326737	2	1
10	52446123	T	G	3	0.709714924326737	2	1
10	54171609	A	C	5	1	2	1
10	55583324	A	G	3	0.709714924326737	2	1
10	55663229	A	G	1	0.482945097960186	2	1
10	55826585	A	C	3	0.709714924326737	2	1
10	62144423	G	C	3	0.709714924326737	2	1
10	62670502	T	C	3	0.709714924326737	2	1
10	62670507	T	C	3	0.709714924326737	2	1
10	63977770	G	T	5	1	2	1
10	68535210	A	G	2	0.156367428594894	2	1
10	71152003	C	G	4	0.299358170791571	2	1
10	73594004	G	C	3	0.709714924326737	2	1
10	74714223	A	G	3	0.709714924326737	2	1
10	74927912	A	G	3	0.709714924326737	2	1
10	75185938	A	G	3	0.709714924326737	2	1
10	75259092	C	G	3	0.709714924326737	2	1
10	75259095	G	T	3	0.709714924326737	2	1
10	81923435	T	A	3	0.709714924326737	2	1
10	89685281	G	C	3	0.709714924326737	2	1
10	90435455	G	C	3	0.709714924326737	2	1
10	93757256	A	G	3	0.709714924326737	2	1
10	96033358	A	G	0	0	2	1
10	98794352	G	C	0	0	2	1
10	100219484	G	C	5	1	2	1
10	102019945	C	A	4	0.299358170791571	2	1
10	102762511	A	G	2	0.156367428594894	2	1
10	104309777	A	G	5	1	2	1
10	106737378	G	C	0	0	2	1
10	118674952	A	C	0	0	2	1
10	123247051	G	C	0	0	2	1
10	125516497	G	C	3	0.709714924326737	2	1
10	126299496	T	C	0	0	2	1
10	128816765	T	G	3	0.709714924326737	2	1
10	131906223	G	C	5	1	2	1
10	134628170	T	C	0	0	2	1
10	134726869	G	T	3	0.709714924326737	2	1
10	134943202	T	A	3	0.709714924326737	2	1
10	135123136	A	G	3	0.709714924326737	2	1
10	135278079	G	A	3	0.709714924326737	2	1
10	135341382	T	C	3	0.709714924326737	2	1
11	180216	A	G	2	0.156367428594894	2	1
11	1705720	G	A	3	0.709714924326737	2	1
11	1775729	A	T	3	0.709714924326737	2	1
11	3430992	G	A	2	0.156367428594894	2	1
11	5345174	G	A	3	0.709714924326737	2	1
11	5536527	T	G	2	0.156367428594894	2	1
11	6191060	G	T	4	0.299358170791571	2	1
11	6497647	T	C	5	1	2	1
11	7064865	C	G	5	1	2	1
11	17741563	T	C	2	0.156367428594894	2	1
11	18029246	C	G	1	0.482945097960186	2	1
11	18637043	C	G	0	0	2	1
11	19263070	C	G	0	0	2	1
11	22398118	G	C	5	1	2	1
11	27412369	C	G	0	0	2	1
11	35231346	G	C	3	0.709714924326737	2	1
11	35232779	G	C	5	1	2	1
11	46367076	C	G	0	0	2	1
11	46917960	C	T	0	0	2	1
11	48142551	G	A	0	0	2	1
11	49873762	T	G	3	0.709714924326737	2	1
11	49895223	T	A	2	0.156367428594894	2	1
11	49942151	C	A	2	0.156367428594894	2	1
11	55060221	T	C	4	0.299358170791571	2	1
11	55322332	A	C	1	0.482945097960186	2	1
11	55652848	A	C	5	1	2	1
11	58607227	C	A	3	0.709714924326737	2	1
11	59423082	A	G	1	0.482945097960186	2	1
11	60971286	G	C	0	0	2	1
11	62287375	G	C	0	0	2	1
11	62295576	A	G	2	0.156367428594894	2	1
11	62300987	C	T	5	1	2	1
11	62358582	C	A	3	0.709714924326737	2	1
11	62762049	G	C	2	0.156367428594894	2	1
11	63886079	T	C	2	0.156367428594894	2	1
11	66252806	C	G	0	0	2	1
11	67267743	T	C	0	0	2	1
11	67700947	C	A	4	0.299358170791571	2	1
11	71602543	T	C	5	1	2	1
11	73882257	T	G	5	1	2	1
11	77387687	C	G	0	0	2	1
11	77669735	A	G	5	1	2	1
11	77850770	T	A	0	0	2	1
11	82887798	T	C	5	1	2	1
11	85438281	A	C	0	0	2	1
11	89603548	T	C	3	0.709714924326737	2	1
11	89605966	C	A	4	0.299358170791571	2	1
11	89786569	C	A	3	0.709714924326737	2	1
11	93170430	G	C	3	0.709714924326737	2	1
11	94232576	T	A	5	1	2	1
11	94917350	G	C	5	1	2	1
11	104815454	A	C	4	0.299358170791571	2	1
11	120957601	A	G	3	0.709714924326737	2	1
11	121348762	A	G	4	0.299358170791571	2	1
11	122928681	T	C	0	0	2	1
11	122968757	T	G	5	1	2	1
11	123301551	T	G	3	0.709714924326737	2	1
11	123624135	A	T	0	0	2	1
11	123676152	G	C	3	0.709714924326737	2	1
11	123755583	G	C	3	0.709714924326737	2	1
11	123886668	T	C	0	0	2	1
11	125267485	T	C	5	1	2	1
12	1675476	T	C	5	1	2	1
12	1889896	G	C	3	0.709714924326737	2	1
12	2656477	T	G	2	0.156367428594894	2	1
12	6219645	A	T	2	0.156367428594894	2	1
12	7079949	T	A	2	0.156367428594894	2	1
12	7632586	T	G	2	0.156367428594894	2	1
12	8206003	C	G	4	0.299358170791571	2	1
12	8327479	T	G	2	0.156367428594894	2	1
12	8511973	T	G	1	0.482945097960186	2	1
12	9463597	T	C	2	0.156367428594894	2	1
12	9463729	C	T	0	0	2	1
12	9463867	A	G	2	0.156367428594894	2	1
12	9574661	A	G	3	0.709714924326737	2	1
12	13716822	T	G	1	0.482945097960186	2	1
12	15742333	A	G	5	1	2	1
12	17553905	T	C	0	0	2	1
12	19475079	C	G	2	0.156367428594894	2	1
12	19522663	G	C	1	0.482945097960186	2	1
12	21621575	A	G	3	0.709714924326737	2	1
12	25957468	T	G	5	1	2	1
12	27149547	G	C	5	1	2	1
12	29640562	G	T	5	1	2	1
12	31231615	T	A	4	0.299358170791571	2	1
12	31240738	C	G	4	0.299358170791571	2	1
12	31253734	A	G	2	0.156367428594894	2	1
12	31576768	T	C	3	0.709714924326737	2	1
12	38423509	T	C	1	0.482945097960186	2	1
12	40078549	A	T	1	0.482945097960186	2	1
12	40653549	T	G	1	0.482945097960186	2	1
12	40812982	C	G	5	1	2	1
12	40832368	T	C	3	0.709714924326737	2	1
12	40905847	C	G	4	0.299358170791571	2	1
12	46245376	G	C	3	0.709714924326737	2	1
12	46662639	G	C	3	0.709714924326737	2	1
12	48179389	A	G	1	0.482945097960186	2	1
12	48490057	G	A	2	0.156367428594894	2	1
12	48577842	C	T	3	0.709714924326737	2	1
12	49332208	C	T	4	0.299358170791571	2	1
12	49360083	T	G	3	0.709714924326737	2	1
12	51634928	G	C	3	0.709714924326737	2	1
12	51663867	G	C	3	0.709714924326737	2	1
12	51907776	G	C	3	0.709714924326737	2	1
12	52883863	A	G	4	0.299358170791571	2	1
12	52979536	G	C	3	0.709714924326737	2	1
12	53009183	G	C	3	0.709714924326737	2	1
12	54449879	G	C	3	0.709714924326737	2	1
12	54653476	C	T	3	0.709714924326737	2	1
12	54974275	A	C	4	0.299358170791571	2	1
12	55248841	T	C	2	0.156367428594894	2	1
12	55805136	A	G	1	0.482945097960186	2	1
12	56677664	A	G	2	0.156367428594894	2	1
12	56712350	G	C	3	0.709714924326737	2	1
12	57597583	T	C	3	0.709714924326737	2	1
12	57625023	G	T	1	0.482945097960186	2	1
12	57994565	C	G	3	0.709714924326737	2	1
12	58114449	A	G	3	0.709714924326737	2	1
12	65232650	G	C	3	0.709714924326737	2	1
12	68548580	C	T	3	0.709714924326737	2	1
12	69125585	C	G	3	0.709714924326737	2	1
12	69968656	G	C	3	0.709714924326737	2	1
12	70329872	G	T	4	0.299358170791571	2	1
12	70349109	G	T	3	0.709714924326737	2	1
12	70934965	T	C	3	0.709714924326737	2	1
12	72000916	G	C	1	0.482945097960186	2	1
12	72094525	A	T	3	0.709714924326737	2	1
12	72318185	A	G	3	0.709714924326737	2	1
12	73050647	C	T	5	1	2	1
12	76441097	C	A	2	0.156367428594894	2	1
12	76993946	A	T	3	0.709714924326737	2	1
12	78392003	C	T	3	0.709714924326737	2	1
12	79700549	A	G	1	0.482945097960186	2	1
12	80862423	C	G	1	0.482945097960186	2	1
12	81613622	G	T	1	0.482945097960186	2	1
12	81777783	T	A	1	0.482945097960186	2	1
12	81851607	T	C	3	0.709714924326737	2	1
12	88374433	G	C	1	0.482945097960186	2	1
12	95681275	G	C	4	0.299358170791571	2	1
12	95681724	A	G	1	0.482945097960186	2	1
12	95876723	T	C	5	1	2	1
12	95967049	T	C	3	0.709714924326737	2	1
12	96273212	C	G	3	0.709714924326737	2	1
12	101713323	T	G	3	0.709714924326737	2	1
12	102439795	A	G	5	1	2	1
12	109723122	G	A	2	0.156367428594894	2	1
12	110841741	A	C	5	1	2	1
12	112139782	T	C	5	1	2	1
12	112654102	G	A	0	0	2	1
12	113355539	T	C	3	0.709714924326737	2	1
12	116675557	A	G	3	0.709714924326737	2	1
12	118818191	T	C	0	0	2	1
12	119595901	G	C	5	1	2	1
12	120534504	A	G	0	0	2	1
12	120783644	G	A	3	0.709714924326737	2	1
12	121454196	T	C	5	1	2	1
12	121690537	T	G	2	0.156367428594894	2	1
12	129558254	G	A	4	0.299358170791571	2	1
12	129566491	G	A	3	0.709714924326737	2	1
12	133049870	A	C	5	1	2	1
12	133319675	T	G	2	0.156367428594894	2	1
13	19044445	T	G	2	0.156367428594894	2	1
13	21303449	A	G	5	1	2	1
13	25672303	A	G	3	0.709714924326737	2	1
13	27845458	C	G	0	0	2	1
13	29238247	A	G	5	1	2	1
13	33684144	G	C	3	0.709714924326737	2	1
13	40175339	G	C	5	1	2	1
13	46287585	A	T	5	1	2	1
13	48612069	C	G	5	1	2	1
13	49076959	A	G	5	1	2	1
13	50116058	A	G	4	0.299358170791571	2	1
13	58299037	T	A	4	0.299358170791571	2	1
13	65883981	A	C	5	1	2	1
13	70456383	A	G	4	0.299358170791571	2	1
13	70713819	T	C	3	0.709714924326737	2	1
13	73302047	C	G	5	1	2	1
13	73340213	C	G	4	0.299358170791571	2	1
13	74264349	G	C	2	0.156367428594894	2	1
13	75910953	T	G	1	0.482945097960186	2	1
13	84455771	G	T	4	0.299358170791571	2	1
13	94482753	G	C	5	1	2	1
13	99356871	A	C	0	0	2	1
13	103384921	C	T	0	0	2	1
13	109661329	A	G	5	1	2	1
13	111298165	T	C	5	1	2	1
13	113534635	G	C	3	0.709714924326737	2	1
14	19399737	G	A	4	0.299358170791571	2	1
14	19422209	C	G	4	0.299358170791571	2	1
14	19425310	T	C	4	0.299358170791571	2	1
14	19443760	G	T	0	0	2	1
14	19498804	A	G	4	0.299358170791571	2	1
14	19685591	A	G	3	0.709714924326737	2	1
14	19719807	T	G	2	0.156367428594894	2	1
14	19720541	A	C	4	0.299358170791571	2	1
14	19850766	A	G	4	0.299358170791571	2	1
14	19888716	C	G	2	0.156367428594894	2	1
14	19891095	C	A	1	0.482945097960186	2	1
14	20001828	T	A	3	0.709714924326737	2	1
14	20001944	G	C	3	0.709714924326737	2	1
14	20010152	T	G	4	0.299358170791571	2	1
14	20146606	A	G	4	0.299358170791571	2	1
14	21927218	G	C	0	0	2	1
14	34266656	G	T	2	0.156367428594894	2	1
14	35556888	C	G	0	0	2	1
14	39796037	A	C	0	0	2	1
14	47504173	A	C	0	0	2	1
14	50942834	C	G	1	0.482945097960186	2	1
14	52481889	T	C	0	0	2	1
14	52520048	G	C	4	0.299358170791571	2	1
14	54942216	A	G	2	0.156367428594894	2	1
14	55655527	A	G	4	0.299358170791571	2	1
14	55658376	C	G	2	0.156367428594894	2	1
14	55903894	T	C	3	0.709714924326737	2	1
14	57115687	T	C	1	0.482945097960186	2	1
14	57699526	G	C	4	0.299358170791571	2	1
14	58701276	C	G	3	0.709714924326737	2	1
14	59544726	C	G	1	0.482945097960186	2	1
14	60004673	A	G	2	0.156367428594894	2	1
14	64489043	T	C	3	0.709714924326737	2	1
14	64537611	C	G	5	1	2	1
14	68773506	A	G	0	0	2	1
14	69808268	T	G	5	1	2	1
14	73673154	A	C	0	0	2	1
14	76420980	A	G	0	0	2	1
14	76646956	C	G	3	0.709714924326737	2	1
14	77564551	G	C	4	0.299358170791571	2	1
14	77795493	A	G	5	1	2	1
14	81737381	A	C	3	0.709714924326737	2	1
14	86091194	A	T	0	0	2	1
14	90421404	G	C	3	0.709714924326737	2	1
14	93299428	G	C	5	1	2	1
14	94708031	A	T	3	0.709714924326737	2	1
14	95999562	A	G	0	0	2	1
14	96757417	G	C	4	0.299358170791571	2	1
14	101442741	C	G	3	0.709714924326737	2	1
14	103412751	A	C	0	0	2	1
14	105409584	C	G	4	0.299358170791571	2	1
14	105409629	T	C	2	0.156367428594894	2	1
14	105523751	C	G	1	0.482945097960186	2	1
14	106050512	G	C	2	0.156367428594894	2	1
14	106066715	C	T	2	0.156367428594894	2	1
14	106236534	C	T	2	0.156367428594894	2	1
14	106552551	C	A	2	0.156367428594894	2	1
14	106572839	T	C	2	0.156367428594894	2	1
14	106866283	C	T	1	0.482945097960186	2	1
15	20444439	G	C	1	0.482945097960186	2	1
15	20467051	C	G	4	0.299358170791571	2	1
15	20563020	T	G	1	0.482945097960186	2	1
15	20644564	T	C	2	0.156367428594894	2	1
15	20777760	A	C	2	0.156367428594894	2	1
15	20777820	T	G	4	0.299358170791571	2	1
15	20874989	T	C	4	0.299358170791571	2	1
15	22489930	T	G	4	0.299358170791571	2	1
15	22740425	G	C	3	0.709714924326737	2	1
15	23469709	T	A	3	0.709714924326737	2	1
15	25299085	T	G	5	1	2	1
15	25324085	T	G	1	0.482945097960186	2	1
15	25473926	C	G	3	0.709714924326737	2	1
15	26828600	A	C	0	0	2	1
15	28234817	G	A	3	0.709714924326737	2	1
15	28702577	A	G	4	0.299358170791571	2	1
15	28954191	T	G	2	0.156367428594894	2	1
15	29086908	A	G	3	0.709714924326737	2	1
15	29087963	C	G	2	0.156367428594894	2	1
15	29088080	C	T	4	0.299358170791571	2	1
15	30432239	T	G	2	0.156367428594894	2	1
15	30445862	G	C	3	0.709714924326737	2	1
15	30897508	C	G	3	0.709714924326737	2	1
15	32678767	T	G	3	0.709714924326737	2	1
15	33358789	A	G	1	0.482945097960186	2	1
15	33359591	A	G	5	1	2	1
15	34525966	C	G	3	0.709714924326737	2	1
15	34527341	C	G	3	0.709714924326737	2	1
15	34649620	G	C	3	0.709714924326737	2	1
15	34649630	G	C	3	0.709714924326737	2	1
15	37019628	G	C	3	0.709714924326737	2	1
15	41828143	G	C	2	0.156367428594894	2	1
15	42104701	T	G	0	0	2	1
15	43408386	T	G	1	0.482945097960186	2	1
15	43462012	C	G	5	1	2	1
15	45399592	A	G	0	0	2	1
15	45433299	G	C	5	1	2	1
15	48937056	A	G	1	0.482945097960186	2	1
15	49419839	G	C	0	0	2	1
15	50925053	C	G	3	0.709714924326737	2	1
15	51289623	T	C	5	1	2	1
15	52090323	T	G	5	1	2	1
15	53230783	T	A	5	1	2	1
15	62218056	T	G	3	0.709714924326737	2	1
15	62259665	G	A	3	0.709714924326737	2	1
15	63448843	C	G	0	0	2	1
15	65471605	T	C	0	0	2	1
15	66679463	G	C	0	0	2	1
15	66807879	C	G	0	0	2	1
15	68583737	G	C	5	1	2	1
15	69546464	A	G	3	0.709714924326737	2	1
15	72146860	G	C	2	0.156367428594894	2	1
15	74356959	C	T	4	0.299358170791571	2	1
15	75706705	A	C	4	0.299358170791571	2	1
15	78213420	G	C	0	0	2	1
15	78582537	G	C	0	0	2	1
15	78783099	C	A	5	1	2	1
15	79067405	T	C	3	0.709714924326737	2	1
15	79085502	A	C	0	0	2	1
15	80181801	A	T	4	0.299358170791571	2	1
15	82808275	A	G	4	0.299358170791571	2	1
15	82811218	A	G	0	0	2	1
15	85787972	T	C	2	0.156367428594894	2	1
15	98159119	A	G	3	0.709714924326737	2	1
15	102304850	A	G	4	0.299358170791571	2	1
15	102515060	C	A	2	0.156367428594894	2	1
16	601040	A	C	2	0.156367428594894	2	1
16	1444626	A	G	0	0	2	1
16	3038556	T	C	1	0.482945097960186	2	1
16	3535902	A	G	5	1	2	1
16	7726641	C	G	3	0.709714924326737	2	1
16	8990753	A	G	5	1	2	1
16	12061506	T	C	5	1	2	1
16	14826631	T	G	3	0.709714924326737	2	1
16	15702438	A	C	3	0.709714924326737	2	1
16	16218788	G	C	5	1	2	1
16	18807019	T	C	5	1	2	1
16	19491080	C	G	5	1	2	1
16	20559407	G	C	5	1	2	1
16	20603649	A	G	1	0.482945097960186	2	1
16	22134674	A	T	4	0.299358170791571	2	1
16	23692472	G	C	0	0	2	1
16	27353762	T	G	0	0	2	1
16	27373513	A	G	3	0.709714924326737	2	1
16	29680567	A	G	5	1	2	1
16	30687543	A	G	0	0	2	1
16	32368127	G	C	1	0.482945097960186	2	1
16	32369898	C	T	4	0.299358170791571	2	1
16	32437252	T	C	1	0.482945097960186	2	1
16	32845550	G	C	4	0.299358170791571	2	1
16	32857251	G	C	0	0	2	1
16	32926588	A	G	4	0.299358170791571	2	1
16	33366911	A	G	1	0.482945097960186	2	1
16	33373267	T	G	1	0.482945097960186	2	1
16	33374613	T	C	2	0.156367428594894	2	1
16	33490924	T	A	3	0.709714924326737	2	1
16	33611868	T	C	1	0.482945097960186	2	1
16	33741073	T	C	4	0.299358170791571	2	1
16	46389200	T	A	2	0.156367428594894	2	1
16	46399490	A	C	2	0.156367428594894	2	1
16	46774107	T	A	3	0.709714924326737	2	1
16	50257433	T	C	3	0.709714924326737	2	1
16	51173286	T	C	5	1	2	1
16	55362805	A	G	0	0	2	1
16	56865759	T	C	5	1	2	1
16	57060552	T	C	1	0.482945097960186	2	1
16	57509601	C	T	4	0.299358170791571	2	1
16	58284036	T	C	5	1	2	1
16	62055097	A	G	0	0	2	1
16	70176259	A	G	3	0.709714924326737	2	1
16	71101483	C	G	3	0.709714924326737	2	1
16	74701613	T	C	0	0	2	1
16	87453357	T	A	1	0.482945097960186	2	1
17	1629498	T	C	3	0.709714924326737	2	1
17	1631151	A	C	3	0.709714924326737	2	1
17	1631445	T	C	3	0.709714924326737	2	1
17	1634613	A	G	1	0.482945097960186	2	1
17	1640950	A	G	3	0.709714924326737	2	1
17	2246988	C	G	3	0.709714924326737	2	1
17	2541376	T	C	1	0.482945097960186	2	1
17	3402228	C	T	1	0.482945097960186	2	1
17	3560280	T	C	0	0	2	1
17	3928632	G	T	3	0.709714924326737	2	1
17	4462702	A	G	3	0.709714924326737	2	1
17	4837171	A	G	2	0.156367428594894	2	1
17	6367330	G	C	3	0.709714924326737	2	1
17	6905734	A	G	3	0.709714924326737	2	1
17	7259075	A	G	3	0.709714924326737	2	1
17	7366262	G	C	3	0.709714924326737	2	1
17	7462503	C	G	3	0.709714924326737	2	1
17	7577142	A	C	3	0.709714924326737	2	1
17	8138823	G	C	1	0.482945097960186	2	1
17	8139660	G	C	1	0.482945097960186	2	1
17	8357977	T	G	5	1	2	1
17	9801318	T	C	4	0.299358170791571	2	1
17	10243467	A	C	1	0.482945097960186	2	1
17	10446440	C	T	3	0.709714924326737	2	1
17	11797975	T	C	3	0.709714924326737	2	1
17	12908216	A	C	1	0.482945097960186	2	1
17	15964831	G	C	3	0.709714924326737	2	1
17	16022772	G	C	2	0.156367428594894	2	1
17	16283920	G	C	3	0.709714924326737	2	1
17	16284349	A	G	3	0.709714924326737	2	1
17	16635978	C	G	3	0.709714924326737	2	1
17	16692253	G	C	2	0.156367428594894	2	1
17	17627553	A	G	1	0.482945097960186	2	1
17	18143875	C	G	3	0.709714924326737	2	1
17	18206065	G	C	3	0.709714924326737	2	1
17	18326847	G	A	2	0.156367428594894	2	1
17	18379914	G	T	4	0.299358170791571	2	1
17	18406248	T	C	1	0.482945097960186	2	1
17	18418284	G	A	4	0.299358170791571	2	1
17	19480532	C	G	1	0.482945097960186	2	1
17	20362069	A	C	3	0.709714924326737	2	1
17	21561942	G	C	3	0.709714924326737	2	1
17	21906688	C	G	2	0.156367428594894	2	1
17	25755508	G	C	1	0.482945097960186	2	1
17	26087768	A	G	2	0.156367428594894	2	1
17	26087909	T	C	2	0.156367428594894	2	1
17	26923232	A	T	2	0.156367428594894	2	1
17	27878674	T	C	2	0.156367428594894	2	1
17	28975524	G	T	3	0.709714924326737	2	1
17	30373816	A	T	1	0.482945097960186	2	1
17	32906328	G	C	3	0.709714924326737	2	1
17	33319471	A	G	3	0.709714924326737	2	1
17	33348625	A	G	3	0.709714924326737	2	1
17	34036354	C	G	1	0.482945097960186	2	1
17	34900690	T	C	3	0.709714924326737	2	1
17	36339864	C	G	2	0.156367428594894	2	1
17	36708303	A	G	3	0.709714924326737	2	1
17	37011662	C	G	3	0.709714924326737	2	1
17	37011894	C	G	3	0.709714924326737	2	1
17	38564370	T	C	2	0.156367428594894	2	1
17	39032450	T	C	3	0.709714924326737	2	1
17	39273778	A	G	1	0.482945097960186	2	1
17	39622054	C	G	1	0.482945097960186	2	1
17	39982045	A	T	3	0.709714924326737	2	1
17	40025078	C	T	1	0.482945097960186	2	1
17	40556891	A	G	4	0.299358170791571	2	1
17	40765466	A	T	1	0.482945097960186	2	1
17	40817890	T	C	1	0.482945097960186	2	1
17	40818681	T	C	3	0.709714924326737	2	1
17	40820200	C	G	2	0.156367428594894	2	1
17	42194869	T	G	3	0.709714924326737	2	1
17	42755332	G	C	3	0.709714924326737	2	1
17	43037648	T	C	3	0.709714924326737	2	1
17	43186573	G	C	3	0.709714924326737	2	1
17	43587753	G	C	4	0.299358170791571	2	1
17	43625068	G	A	2	0.156367428594894	2	1
17	46050951	C	A	4	0.299358170791571	2	1
17	46054214	T	C	4	0.299358170791571	2	1
17	46940197	G	C	3	0.709714924326737	2	1
17	53027352	T	C	3	0.709714924326737	2	1
17	56293851	A	C	3	0.709714924326737	2	1
17	56617949	G	A	3	0.709714924326737	2	1
17	60918645	G	C	5	1	2	1
17	61681881	T	C	4	0.299358170791571	2	1
17	62461335	G	A	0	0	2	1
17	62971761	C	G	3	0.709714924326737	2	1
17	65548333	A	G	3	0.709714924326737	2	1
17	66873493	G	A	3	0.709714924326737	2	1
17	68873160	G	T	4	0.299358170791571	2	1
17	68930194	G	A	3	0.709714924326737	2	1
17	72356433	C	G	3	0.709714924326737	2	1
17	73970791	A	G	1	0.482945097960186	2	1
17	74846724	T	C	5	1	2	1
17	75489363	A	G	3	0.709714924326737	2	1
17	76528468	G	C	3	0.709714924326737	2	1
17	76754183	G	C	3	0.709714924326737	2	1
17	76755163	T	C	3	0.709714924326737	2	1
17	78305846	G	C	3	0.709714924326737	2	1
17	78406901	T	C	3	0.709714924326737	2	1
17	79426817	G	T	3	0.709714924326737	2	1
17	79497437	T	C	1	0.482945097960186	2	1
17	79589395	T	C	3	0.709714924326737	2	1
17	80277106	G	A	2	0.156367428594894	2	1
17	80478207	T	G	3	0.709714924326737	2	1
17	81006115	A	G	3	0.709714924326737	2	1
18	673065	C	G	4	0.299358170791571	2	1
18	6241820	C	G	1	0.482945097960186	2	1
18	6462847	A	C	2	0.156367428594894	2	1
18	10671896	G	C	3	0.709714924326737	2	1
18	10742586	T	C	4	0.299358170791571	2	1
18	11884516	C	G	3	0.709714924326737	2	1
18	12122065	A	G	3	0.709714924326737	2	1
18	12198933	T	A	2	0.156367428594894	2	1
18	12337181	A	G	1	0.482945097960186	2	1
18	12421955	A	T	3	0.709714924326737	2	1
18	12718820	C	G	3	0.709714924326737	2	1
18	13698644	C	G	3	0.709714924326737	2	1
18	14249718	T	A	2	0.156367428594894	2	1
18	14339500	G	C	3	0.709714924326737	2	1
18	14538063	G	A	1	0.482945097960186	2	1
18	14842606	C	T	3	0.709714924326737	2	1
18	24126675	A	G	4	0.299358170791571	2	1
18	24128881	C	G	4	0.299358170791571	2	1
18	28602508	C	T	3	0.709714924326737	2	1
18	29052413	T	A	1	0.482945097960186	2	1
18	32455123	T	C	3	0.709714924326737	2	1
18	34353726	T	C	3	0.709714924326737	2	1
18	34854803	T	C	1	0.482945097960186	2	1
18	44526488	A	G	0	0	2	1
18	44595919	G	C	0	0	2	1
18	47328948	A	G	4	0.299358170791571	2	1
18	48256491	G	A	3	0.709714924326737	2	1
18	77254844	C	G	1	0.482945097960186	2	1
19	312210	C	G	3	0.709714924326737	2	1
19	532235	T	C	3	0.709714924326737	2	1
19	797323	A	G	3	0.709714924326737	2	1
19	1434861	C	G	2	0.156367428594894	2	1
19	1976257	G	C	4	0.299358170791571	2	1
19	2207682	C	G	3	0.709714924326737	2	1
19	2227891	C	G	3	0.709714924326737	2	1
19	2269560	T	C	1	0.482945097960186	2	1
19	2403169	A	G	3	0.709714924326737	2	1
19	3056463	C	G	2	0.156367428594894	2	1
19	3478530	A	T	2	0.156367428594894	2	1
19	4219681	A	G	4	0.299358170791571	2	1
19	4405622	A	T	3	0.709714924326737	2	1
19	5257683	A	G	3	0.709714924326737	2	1
19	5892310	G	C	1	0.482945097960186	2	1
19	6495187	T	C	3	0.709714924326737	2	1
19	7914103	C	G	5	1	2	1
19	8386311	T	G	3	0.709714924326737	2	1
19	8974313	T	C	3	0.709714924326737	2	1
19	9074871	C	A	2	0.156367428594894	2	1
19	9579639	T	C	3	0.709714924326737	2	1
19	10152544	A	C	3	0.709714924326737	2	1
19	10817788	A	G	3	0.709714924326737	2	1
19	11326767	A	T	4	0.299358170791571	2	1
19	11725871	G	C	3	0.709714924326737	2	1
19	12297813	G	A	3	0.709714924326737	2	1
19	12298616	A	C	2	0.156367428594894	2	1
19	12460499	C	G	3	0.709714924326737	2	1
19	14364956	A	G	3	0.709714924326737	2	1
19	14365004	A	G	5	1	2	1
19	17320425	A	G	3	0.709714924326737	2	1
19	17338740	A	G	2	0.156367428594894	2	1
19	17737701	T	C	3	0.709714924326737	2	1
19	17898374	C	G	5	1	2	1
19	18304091	C	G	1	0.482945097960186	2	1
19	19349173	T	G	3	0.709714924326737	2	1
19	22499690	T	G	3	0.709714924326737	2	1
19	23040104	C	G	1	0.482945097960186	2	1
19	23541960	T	G	3	0.709714924326737	2	1
19	23926877	T	A	4	0.299358170791571	2	1
19	24015310	G	A	3	0.709714924326737	2	1
19	24270301	C	G	3	0.709714924326737	2	1
19	30156783	T	C	1	0.482945097960186	2	1
19	30935186	G	C	3	0.709714924326737	2	1
19	33108705	A	G	5	1	2	1
19	33301897	A	G	3	0.709714924326737	2	1
19	33592443	C	G	1	0.482945097960186	2	1
19	34717519	A	G	1	0.482945097960186	2	1
19	35024533	C	T	4	0.299358170791571	2	1
19	35258147	A	C	0	0	2	1
19	35433995	T	G	1	0.482945097960186	2	1
19	35448885	A	C	5	1	2	1
19	36038372	A	G	5	1	2	1
19	36206136	C	G	0	0	2	1
19	36348423	T	C	5	1	2	1
19	36517969	A	G	3	0.709714924326737	2	1
19	36526293	T	C	1	0.482945097960186	2	1
19	37131067	C	T	4	0.299358170791571	2	1
19	37427977	C	T	5	1	2	1
19	38380005	C	G	3	0.709714924326737	2	1
19	38806669	G	C	3	0.709714924326737	2	1
19	38837299	G	C	5	1	2	1
19	38876862	C	G	3	0.709714924326737	2	1
19	38945623	G	A	3	0.709714924326737	2	1
19	39805146	T	C	2	0.156367428594894	2	1
19	40376432	C	G	1	0.482945097960186	2	1
19	40886999	C	G	3	0.709714924326737	2	1
19	41094805	C	G	1	0.482945097960186	2	1
19	41292668	A	G	3	0.709714924326737	2	1
19	41312744	C	G	3	0.709714924326737	2	1
19	41758541	C	G	3	0.709714924326737	2	1
19	42011913	G	C	0	0	2	1
19	42126759	G	A	1	0.482945097960186	2	1
19	42461314	T	C	1	0.482945097960186	2	1
19	42461315	T	C	3	0.709714924326737	2	1
19	42482938	G	C	5	1	2	1
19	42507694	T	C	4	0.299358170791571	2	1
19	42525697	C	G	1	0.482945097960186	2	1
19	43262749	T	C	4	0.299358170791571	2	1
19	43576058	C	G	3	0.709714924326737	2	1
19	46177243	C	G	2	0.156367428594894	2	1
19	46626139	A	T	2	0.156367428594894	2	1
19	46734264	A	G	3	0.709714924326737	2	1
19	46806750	T	C	3	0.709714924326737	2	1
19	46893136	C	A	4	0.299358170791571	2	1
19	47113163	C	G	3	0.709714924326737	2	1
19	47492897	T	C	3	0.709714924326737	2	1
19	48202401	T	G	4	0.299358170791571	2	1
19	48253928	A	C	1	0.482945097960186	2	1
19	48391666	C	T	3	0.709714924326737	2	1
19	49375513	C	G	3	0.709714924326737	2	1
19	49436959	C	G	3	0.709714924326737	2	1
19	49554157	G	A	2	0.156367428594894	2	1
19	49646179	A	C	3	0.709714924326737	2	1
19	49714799	C	T	3	0.709714924326737	2	1
19	49951430	C	G	1	0.482945097960186	2	1
19	50087146	G	C	1	0.482945097960186	2	1
19	50104756	T	C	3	0.709714924326737	2	1
19	50209447	T	G	3	0.709714924326737	2	1
19	51189350	C	G	3	0.709714924326737	2	1
19	51321954	C	G	5	1	2	1
19	51645766	G	C	3	0.709714924326737	2	1
19	51916741	C	T	3	0.709714924326737	2	1
19	52097773	T	G	5	1	2	1
19	52208295	G	C	3	0.709714924326737	2	1
19	52613608	T	C	3	0.709714924326737	2	1
19	53014155	G	A	4	0.299358170791571	2	1
19	53761882	G	C	3	0.709714924326737	2	1
19	53787388	A	C	3	0.709714924326737	2	1
19	53857298	G	C	1	0.482945097960186	2	1
19	54274842	A	G	3	0.709714924326737	2	1
19	54274849	G	T	2	0.156367428594894	2	1
19	54392690	T	C	1	0.482945097960186	2	1
19	54392691	T	A	1	0.482945097960186	2	1
19	54392695	T	G	4	0.299358170791571	2	1
19	54392812	A	G	3	0.709714924326737	2	1
19	54611978	A	G	0	0	2	1
19	54781423	G	A	2	0.156367428594894	2	1
19	54783064	C	T	4	0.299358170791571	2	1
19	54797994	G	C	1	0.482945097960186	2	1
19	55595199	G	C	4	0.299358170791571	2	1
19	56154139	G	C	5	1	2	1
19	56274016	C	A	2	0.156367428594894	2	1
19	56935779	G	C	3	0.709714924326737	2	1
19	56952875	A	T	2	0.156367428594894	2	1
19	57332752	A	G	3	0.709714924326737	2	1
19	57654341	T	C	4	0.299358170791571	2	1
19	57670408	T	G	3	0.709714924326737	2	1
19	57999037	C	G	1	0.482945097960186	2	1
19	58111187	A	G	5	1	2	1
19	58629823	A	T	2	0.156367428594894	2	1
20	744096	T	G	1	0.482945097960186	2	1
20	1426281	C	G	3	0.709714924326737	2	1
20	2464342	C	G	1	0.482945097960186	2	1
20	2639208	A	C	3	0.709714924326737	2	1
20	2640673	G	C	3	0.709714924326737	2	1
20	2846878	C	G	4	0.299358170791571	2	1
20	3185271	G	C	3	0.709714924326737	2	1
20	11829966	A	G	5	1	2	1
20	16348220	A	G	1	0.482945097960186	2	1
20	17495266	A	G	3	0.709714924326737	2	1
20	18038051	G	C	1	0.482945097960186	2	1
20	19560827	T	C	4	0.299358170791571	2	1
20	20006590	T	G	3	0.709714924326737	2	1
20	23029212	T	G	4	0.299358170791571	2	1
20	23614487	C	T	3	0.709714924326737	2	1
20	25001751	A	G	3	0.709714924326737	2	1
20	29522055	T	G	3	0.709714924326737	2	1
20	30496375	A	G	1	0.482945097960186	2	1
20	31040662	G	C	4	0.299358170791571	2	1
20	31629577	G	C	3	0.709714924326737	2	1
20	32349931	G	C	3	0.709714924326737	2	1
20	32934697	C	T	4	0.299358170791571	2	1
20	34132241	G	C	3	0.709714924326737	2	1
20	34171110	A	C	3	0.709714924326737	2	1
20	34855218	T	G	2	0.156367428594894	2	1
20	36662572	T	C	5	1	2	1
20	43095221	A	C	3	0.709714924326737	2	1
20	43129206	A	G	0	0	2	1
20	43383500	A	G	3	0.709714924326737	2	1
20	44513116	T	C	2	0.156367428594894	2	1
20	44513118	T	C	1	0.482945097960186	2	1
20	44527269	C	A	2	0.156367428594894	2	1
20	44728448	C	G	3	0.709714924326737	2	1
20	46256729	G	C	3	0.709714924326737	2	1
20	47254069	T	C	3	0.709714924326737	2	1
20	47292600	A	T	4	0.299358170791571	2	1
20	47864214	A	T	3	0.709714924326737	2	1
20	48431931	A	G	3	0.709714924326737	2	1
20	49509695	C	G	1	0.482945097960186	2	1
20	56941829	T	G	4	0.299358170791571	2	1
20	57562875	A	G	4	0.299358170791571	2	1
20	62161339	C	G	3	0.709714924326737	2	1
20	62475411	A	G	1	0.482945097960186	2	1
21	10897811	T	G	4	0.299358170791571	2	1
21	10900089	A	G	3	0.709714924326737	2	1
21	10900146	A	C	4	0.299358170791571	2	1
21	10922559	A	C	3	0.709714924326737	2	1
21	10934861	T	A	4	0.299358170791571	2	1
21	11097714	T	G	1	0.482945097960186	2	1
21	11097953	T	C	4	0.299358170791571	2	1
21	11186149	A	G	4	0.299358170791571	2	1
21	14573645	T	G	3	0.709714924326737	2	1
21	14758651	C	G	3	0.709714924326737	2	1
21	14780791	G	A	4	0.299358170791571	2	1
21	19751198	T	C	1	0.482945097960186	2	1
21	29262611	G	T	4	0.299358170791571	2	1
21	30260525	C	T	3	0.709714924326737	2	1
21	34921835	G	A	3	0.709714924326737	2	1
21	34927480	T	C	2	0.156367428594894	2	1
21	34927486	T	C	2	0.156367428594894	2	1
21	35774329	C	G	3	0.709714924326737	2	1
21	38886104	G	C	1	0.482945097960186	2	1
21	47838344	T	C	0	0	2	1
22	16123504	A	C	1	0.482945097960186	2	1
22	16156349	G	C	3	0.709714924326737	2	1
22	16347968	C	G	3	0.709714924326737	2	1
22	16349307	A	G	3	0.709714924326737	2	1
22	16365097	A	G	2	0.156367428594894	2	1
22	16405189	G	C	1	0.482945097960186	2	1
22	16414303	A	G	2	0.156367428594894	2	1
22	16940425	A	T	4	0.299358170791571	2	1
22	18836405	C	G	2	0.156367428594894	2	1
22	18845638	T	G	2	0.156367428594894	2	1
22	18870566	C	T	3	0.709714924326737	2	1
22	19121587	T	C	3	0.709714924326737	2	1
22	19207189	T	C	3	0.709714924326737	2	1
22	20325899	G	T	1	0.482945097960186	2	1
22	20710115	G	C	2	0.156367428594894	2	1
22	20716008	C	T	4	0.299358170791571	2	1
22	21022638	G	A	2	0.156367428594894	2	1
22	21051551	G	T	4	0.299358170791571	2	1
22	21051654	G	A	2	0.156367428594894	2	1
22	21051664	G	A	4	0.299358170791571	2	1
22	21063913	T	C	4	0.299358170791571	2	1
22	21663653	T	G	2	0.156367428594894	2	1
22	21696259	C	T	2	0.156367428594894	2	1
22	21976287	A	G	2	0.156367428594894	2	1
22	22277627	A	G	2	0.156367428594894	2	1
22	22758368	G	A	1	0.482945097960186	2	1
22	22976566	G	A	3	0.709714924326737	2	1
22	22977331	A	G	2	0.156367428594894	2	1
22	22980270	A	G	4	0.299358170791571	2	1
22	23264924	A	G	1	0.482945097960186	2	1
22	23540711	A	G	5	1	2	1
22	23802933	G	C	1	0.482945097960186	2	1
22	24563187	T	C	3	0.709714924326737	2	1
22	25046077	A	G	2	0.156367428594894	2	1
22	25046223	A	G	2	0.156367428594894	2	1
22	25049187	C	G	4	0.299358170791571	2	1
22	26830632	C	G	3	0.709714924326737	2	1
22	28381839	A	G	3	0.709714924326737	2	1
22	29153074	C	G	3	0.709714924326737	2	1
22	29837782	G	C	3	0.709714924326737	2	1
22	32112630	T	C	3	0.709714924326737	2	1
22	32239458	C	G	3	0.709714924326737	2	1
22	36588013	A	G	3	0.709714924326737	2	1
22	37491901	A	C	3	0.709714924326737	2	1
22	37524612	G	C	3	0.709714924326737	2	1
22	38147950	G	T	1	0.482945097960186	2	1
22	42393361	A	G	3	0.709714924326737	2	1
22	42670068	A	T	3	0.709714924326737	2	1
22	42969678	T	C	3	0.709714924326737	2	1
22	43454962	T	G	4	0.299358170791571	2	1
22	45779216	T	A	2	0.156367428594894	2	1
22	46657099	T	A	2	0.156367428594894	2	1
22	46676120	T	C	3	0.709714924326737	2	1
22	50682067	A	G	1	0.482945097960186	2	1
22	50860569	G	C	3	0.709714924326737	2	1
22	51160503	G	C	3	0.709714924326737	2	1
X	223568	C	A	5	1	2	1
X	1742932	A	G	3	0.709714924326737	2	1
X	15570288	T	C	3	0.709714924326737	2	1
X	24742495	T	C	0	0	2	1
X	30254992	T	A	3	0.709714924326737	2	1
X	37587218	G	C	0	0	2	1
X	44733078	G	C	0	0	2	1
X	44970689	T	C	5	1	2	1
X	47430621	G	T	3	0.709714924326737	2	1
X	53564353	C	G	0	0	2	1
X	68725405	T	C	0	0	2	1
X	73955600	C	G	0	0	2	1
X	91875601	C	T	0	0	2	1
X	92926659	G	A	2	0.156367428594894	2	1
X	100646275	T	C	5	1	2	1
X	102343105	G	A	3	0.709714924326737	2	1
X	102840637	G	T	1	0.482945097960186	2	1
X	114082651	G	C	0	0	2	1
X	114419336	A	C	1	0.482945097960186	2	1
X	117577618	A	G	0	0	2	1
X	123200327	T	C	5	1	2	1
X	130217501	C	G	3	0.709714924326737	2	1
X	138286442	C	G	5	1	2	1
X	138819663	A	G	5	1	2	1
X	152087589	T	A	2	0.156367428594894	2	1
X	153883344	G	C	1	0.482945097960186	2	1
X	154293496	G	C	3	0.709714924326737	2	1
